171,91,47,203,193,182,RAL 2012
150,71,50,199,192,180,RAL 3000
137,87,75,219,209,198,RAL 3003
102,71,58,216,207,197,RAL 3004
134,83,70,178,165,153,RAL 3011
163,111,86,206,198,186,RAL 3012
151,74,75,218,213,205,RAL 3013
169,84,78,220,208,199,RAL 3016
193,104,92,204,192,182,RAL 3017
191,92,82,214,205,195,RAL 3018
108,83,74,208,199,189,Undentified
102,89,68,207,198,190,RAL 2011
81,58,61,232,226,222,RAL 2011
165,157,137,194,183,166,RAL 2011
171,91,47,203,193,182,RAL 2012
150,71,50,199,192,180,RAL 3000
102,89,68,207,198,190,RAL 2011
81,58,61,232,226,222,RAL 2011
165,157,137,194,183,166,RAL 2011
171,91,47,203,193,182,RAL 2012
150,71,50,199,192,180,RAL 3000
137,87,75,219,209,198,RAL 3003
102,71,58,216,207,197,RAL 3004
134,83,70,178,165,153,RAL 3011
163,111,86,206,198,186,RAL 3012
151,74,75,218,213,205,RAL 3013
169,84,78,220,208,199,RAL 3016
193,104,92,204,192,182,RAL 3017
102,89,68,207,198,190,RAL 2011
81,58,61,232,226,222,RAL 2011
165,157,137,194,183,166,RAL 2011
171,91,47,203,193,182,RAL 2012
150,71,50,199,192,180,RAL 3000
137,87,75,219,209,198,RAL 3003
102,71,58,216,207,197,RAL 3004
134,83,70,178,165,153,RAL 3011
163,111,86,206,198,186,RAL 3012
151,74,75,218,213,205,RAL 3013
169,84,78,220,208,199,RAL 3016
193,104,92,204,192,182,RAL 3017
191,92,82,214,205,195,RAL 3018
108,83,74,208,199,189,Undentified
